  ~o <VecSize> 13 <MFCC_0>
  ~h"scream"
<BeginHMM>
  <NumStates> 10
    <State> 2 <NumMixes> 1
      <Mixture> 1 1.0
        <Mean> 13
          0.0 0.0 0.0 0.0 0.0 0.0 0.0 0.0 0.0 0.0 0.0 0.0 0.0 
        <Variance> 13
          1.0 1.0 1.0 1.0 1.0 1.0 1.0 1.0 1.0 1.0 1.0 1.0 1.0 
    <State> 3 <NumMixes> 1
      <Mixture> 1 1.0
        <Mean> 13
          0.0 0.0 0.0 0.0 0.0 0.0 0.0 0.0 0.0 0.0 0.0 0.0 0.0 
        <Variance> 13
          1.0 1.0 1.0 1.0 1.0 1.0 1.0 1.0 1.0 1.0 1.0 1.0 1.0 
    <State> 4 <NumMixes> 1
      <Mixture> 1 1.0
        <Mean> 13
          0.0 0.0 0.0 0.0 0.0 0.0 0.0 0.0 0.0 0.0 0.0 0.0 0.0 
        <Variance> 13
          1.0 1.0 1.0 1.0 1.0 1.0 1.0 1.0 1.0 1.0 1.0 1.0 1.0 
    <State> 5 <NumMixes> 1
      <Mixture> 1 1.0
        <Mean> 13
          0.0 0.0 0.0 0.0 0.0 0.0 0.0 0.0 0.0 0.0 0.0 0.0 0.0 
        <Variance> 13
          1.0 1.0 1.0 1.0 1.0 1.0 1.0 1.0 1.0 1.0 1.0 1.0 1.0 
    <State> 6 <NumMixes> 1
      <Mixture> 1 1.0
        <Mean> 13
          0.0 0.0 0.0 0.0 0.0 0.0 0.0 0.0 0.0 0.0 0.0 0.0 0.0 
        <Variance> 13
          1.0 1.0 1.0 1.0 1.0 1.0 1.0 1.0 1.0 1.0 1.0 1.0 1.0 
    <State> 7 <NumMixes> 1
      <Mixture> 1 1.0
        <Mean> 13
          0.0 0.0 0.0 0.0 0.0 0.0 0.0 0.0 0.0 0.0 0.0 0.0 0.0 
        <Variance> 13
          1.0 1.0 1.0 1.0 1.0 1.0 1.0 1.0 1.0 1.0 1.0 1.0 1.0 
    <State> 8 <NumMixes> 1
      <Mixture> 1 1.0
        <Mean> 13
          0.0 0.0 0.0 0.0 0.0 0.0 0.0 0.0 0.0 0.0 0.0 0.0 0.0 
        <Variance> 13
          1.0 1.0 1.0 1.0 1.0 1.0 1.0 1.0 1.0 1.0 1.0 1.0 1.0 
    <State> 9 <NumMixes> 1
      <Mixture> 1 1.0
        <Mean> 13
          0.0 0.0 0.0 0.0 0.0 0.0 0.0 0.0 0.0 0.0 0.0 0.0 0.0 
        <Variance> 13
          1.0 1.0 1.0 1.0 1.0 1.0 1.0 1.0 1.0 1.0 1.0 1.0 1.0 
  <TransP> 10
    0.0 1.0 0.0 0.0 0.0 0.0 0.0 0.0 0.0 0.0 
    0.0 0.6 0.4 0.0 0.0 0.0 0.0 0.0 0.0 0.0 
    0.0 0.0 0.6 0.4 0.0 0.0 0.0 0.0 0.0 0.0 
    0.0 0.0 0.0 0.6 0.4 0.0 0.0 0.0 0.0 0.0 
    0.0 0.0 0.0 0.0 0.6 0.4 0.0 0.0 0.0 0.0 
    0.0 0.0 0.0 0.0 0.0 0.6 0.4 0.0 0.0 0.0 
    0.0 0.0 0.0 0.0 0.0 0.0 0.6 0.4 0.0 0.0 
    0.0 0.0 0.0 0.0 0.0 0.0 0.0 0.6 0.4 0.0 
    0.0 0.0 0.0 0.0 0.0 0.0 0.0 0.0 0.6 0.4 
    0.0 0.0 0.0 0.0 0.0 0.0 0.0 0.0 0.0 0.0 
<EndHMM>