~o
<STREAMINFO> 1 13
<VECSIZE> 13<NULLD><MFCC_0><DIAGC>
~h "filler_2"
<BEGINHMM>
<NUMSTATES> 3
<STATE> 2
<MEAN> 13
 -3.596164 4.273935 0.568774 0.1641 0.1180295 -1.535285 -0.3403471 0.5321774 -2.1954559999999996 -0.8316995 -0.6621104 -0.1954075 57.08813
<VARIANCE> 13
 4.443289e+01 4.451858e+01 6.174673e+01 4.609258e+01 4.875030e+01 5.347087e+01 4.054424e+01 3.895112e+01 3.764272e+01 3.329383e+01 2.586743e+01 2.041558e+01 7.435468e+01
<GCONST> 7.237817e+01
<TRANSP> 3
 0.000000e+00 1.000000e+00 0.000000e+00
 0.000000e+00 9.725809e-01 2.741916e-02
 0.000000e+00 0.000000e+00 0.000000e+00
<ENDHMM>
