~o
<STREAMINFO> 1 13
<VECSIZE> 13<NULLD><MFCC_0><DIAGC>
~h "filler"
<BEGINHMM>
<NUMSTATES> 3
<STATE> 2
<MEAN> 13
 -3.586164e+00 4.283935e+00 5.787740e-01 1.741000e-01 1.280295e-01 -1.525285e+00 -3.303471e-01 5.421774e-01 -2.185456e+00 -8.216995e-01 -6.521104e-01 -1.854075e-01 5.709813e+01
<VARIANCE> 13
 4.443289e+01 4.451858e+01 6.174673e+01 4.609258e+01 4.875030e+01 5.347087e+01 4.054424e+01 3.895112e+01 3.764272e+01 3.329383e+01 2.586743e+01 2.041558e+01 7.435468e+01
<GCONST> 7.237817e+01
<TRANSP> 3
 0.000000e+00 1.000000e+00 0.000000e+00
 0.000000e+00 9.725809e-01 2.741916e-02
 0.000000e+00 0.000000e+00 0.000000e+00
<ENDHMM>
