~o
<STREAMINFO> 1 13
<VECSIZE> 13<NULLD><MFCC_0><DIAGC>
~h "filler"
<BEGINHMM>
<NUMSTATES> 3
<STATE> 2
<MEAN> 13
 -3.524508e+00 4.041296e+00 6.386338e-01 6.887607e-02 8.272210e-02 -1.525930e+00 -5.617125e-01 6.132783e-01 -2.268162e+00 -7.980314e-01 -5.657881e-01 -2.553293e-01 5.675809e+01
<VARIANCE> 13
 4.496006e+01 4.395740e+01 6.316391e+01 4.678807e+01 4.942604e+01 5.445779e+01 4.129923e+01 3.902818e+01 3.811335e+01 3.423195e+01 2.672398e+01 2.047028e+01 7.336192e+01
<GCONST> 7.252945e+01
<TRANSP> 3
 0.000000e+00 1.000000e+00 0.000000e+00
 0.000000e+00 9.710076e-01 2.899245e-02
 0.000000e+00 0.000000e+00 0.000000e+00
<ENDHMM>
