~o
<STREAMINFO> 1 13
<VECSIZE> 13<NULLD><MFCC_0><DIAGC>
~h "speech"
<BEGINHMM>
<NUMSTATES> 3
<STATE> 2
<MEAN> 13
 -3.566812e+00 4.260746e+00 6.417028e-01 1.640145e-01 2.263030e-01 -1.531163e+00 -2.947041e-01 6.817880e-01 -2.224915e+00 -7.622713e-01 -6.074896e-01 -1.889002e-01 5.723227e+01
<VARIANCE> 13
 4.418516e+01 4.531244e+01 6.197178e+01 4.673145e+01 4.887575e+01 5.355339e+01 4.083946e+01 3.966753e+01 3.781432e+01 3.369390e+01 2.613857e+01 2.051509e+01 7.509768e+01
<GCONST> 7.247898e+01
<TRANSP> 3
 0.000000e+00 1.000000e+00 0.000000e+00
 0.000000e+00 9.729663e-01 2.703376e-02
 0.000000e+00 0.000000e+00 0.000000e+00
<ENDHMM>
