~o
<STREAMINFO> 1 13
<VECSIZE> 13<NULLD><MFCC_0><DIAGC>
~h "filler"
<BEGINHMM>
<NUMSTATES> 3
<STATE> 2
<MEAN> 13
 -3.394531e+00 4.190176e+00 4.031582e-01 1.136817e-01 8.941212e-02 -1.558437e+00 -2.642384e-01 4.885638e-01 -2.285424e+00 -7.825035e-01 -6.990883e-01 -1.106573e-01 5.707062e+01
<VARIANCE> 13
 4.469812e+01 4.511308e+01 6.129256e+01 4.580268e+01 4.795174e+01 5.343031e+01 4.014191e+01 3.858865e+01 3.717484e+01 3.412772e+01 2.553320e+01 2.040647e+01 7.470147e+01
<GCONST> 7.235053e+01
<TRANSP> 3
 0.000000e+00 1.000000e+00 0.000000e+00
 0.000000e+00 9.725858e-01 2.741418e-02
 0.000000e+00 0.000000e+00 0.000000e+00
<ENDHMM>
