~o
<STREAMINFO> 1 13
<VECSIZE> 13<NULLD><MFCC_0><DIAGC>
~h "filler"
<BEGINHMM>
<NUMSTATES> 3
<STATE> 2
<MEAN> 13
 -3.473311e+00 4.076878e+00 3.392086e-01 5.608695e-02 1.166739e-01 -1.540408e+00 -3.484402e-01 7.100246e-01 -2.263273e+00 -7.330894e-01 -6.304462e-01 -2.189433e-01 5.690755e+01
<VARIANCE> 13
 4.450481e+01 4.403174e+01 6.171021e+01 4.601493e+01 4.862163e+01 5.357611e+01 4.108500e+01 3.807236e+01 3.724034e+01 3.403654e+01 2.563655e+01 2.036289e+01 7.638375e+01
<GCONST> 7.238297e+01
<TRANSP> 3
 0.000000e+00 1.000000e+00 0.000000e+00
 0.000000e+00 9.718348e-01 2.816522e-02
 0.000000e+00 0.000000e+00 0.000000e+00
<ENDHMM>
